1:1-50
2:3159-3857
3:3858,3862,3868,3919,3921,3923,3925,3927,3929,3931,3933,3936,3939,3942,3945,3948,3951,4012,4039,4041,4043,4046,4049,4051,4055,4057,4060,4064,4066,4070,4100,4105,4157,4179,4231,4234,4243,4245,4248,4250,4272,4320,4423,4518,4619,4745,5075,5091,5191
4:5705,5707,5711,5714,5716-5718,5731,5740,5763,5774,5783,5818,5832,5848,5855,5878,5899,5910,5924,5932,5945-5946,5959,5967,5971,5994,6025,6036,6039,6043,6049,6055,6066,6069,6072,6085,6093,6099-6100,6104,6107,6109,6209,6309,6364,6367,6369,6371
5:8409-8457
6:8529,8585,8599,8631,8708,8716,8744,8863,8870,8874,8892,8920,8998
7:9016,9116,9229,9329,9428,9440,9448,9478,9502,9512,9550,9586,9622,9632,9654,9658,9664
8:9676,9713,9747,9767,9775,9781,9786,9791,9794,9796,9798,9800,9802,9807-9809,9823,9825-9827,9829,9831-9832,9834,9853-9854,9856,9858-9860,9863-9865,9868-9870,9873,9877,9879,9881-9890,33149-39023
9:39024-1262781
10:1262782,1262784,1262791,1262798,1262805,1262829,1262863,1262891,1262895,1262900,1262956,1262960,1262965,1263024,1263085,1263089,1263093,1263102,1263112,1263117,1263124,1263145,1263148,1263152,1263156,1263197,1263204,1263210,1263213,1263227,1263240,1263246,1263272,1263288-1263293,1263329-1263330,1263921,1264100,1264159,1264313,1264394,1264396-1264399
11:2205655,2205827,2209622,2209722,2212883,2212885,2212889-2212894,2212896-2212897,2212899-2212902,2212904-2212908,2212919-2212922,2212924-2212925,2212928-2212929,2212932,2212936-2212937,2212940,2212946,2212949,2212953,2212956-2212958,2212960-2212968
12:2730265,2730267,2730271,2730468-2730469,2730471,2730473,2730477,2730481,2730483,2730485-2730486,2730996,2731018,2731023,2731039,2731069,2731082,2731168,2731200,2731226,2731254,2731260,2731341,2731361,2731393,2731410-2731420,2731433,2731465,2731473,2731475,2731477,2731479,2731481,2731483,2731485-2731489
